0
10
20
30
40
50
60
70
100
110
120
130
140
150
160
170
200
300
400
400
500
501
600
610
620
900
1000
1100
1300
1400
1410
1420
1430
1440
1450
1460
1470
1500
1600
1700
1710
1720
1730
1740
1750
1760
1770
1800
2000
2100
2400
2410
2500
2501
2600
3000
3100
3200
3500
3710
3730
3800
3910
4010
4110
4300
4400
4410
4500
4510
4520
4700
4710
4800
4900
5000
5100
5200
5300
5400
5500
5600
5700
5800
6000
6050
6060
6100
6211
6211
6211
6212
6213
6212
6213
6212
6221
6221
6221
6222
6223
6222
6223
6222
6231
6231
6231
6232
6233
6232
6233
6232
6241
6241
6241
6242
6243
6242
6243
6242
6300
6400
6500
6600
6700
6800
6900
7000
7200
7300
7400
7500
7700
7701
7800
7801
7900
8000
8100
8200
8300
8400
8500
8600
8700
8800
8900
9000
9100
9200
9300
9400
9500
9600
9700
9710
9720
9800
9810
9820
9900
10000
10100
10200
10300
10400
10410
10420
10500
10600
10700
10800
10810
10820
10830
10840
10870
10900
10901
11000
11100
11200
11300
11400
11500
11600
11700
11750
11760
11800
11850
11860
11900
12000
12100
12200
12300
12400
12500
12600
12700
12800
12900
13000
13100
13200
13300
13400
13400
13400
13400
13500
13600
13711
13712
13711
13712
13713
13711
13712
13751
13752
13751
13752
13753
13751
13752
13721
13722
13721
13722
13723
13721
13722
13731
13732
13731
13732
13733
13731
13732
13741
13742
13743
13761
13762
13763
13761
13771
13772
13773
13781
13782
13783
13800
13900
14000
14100
14400
14500
14600
14700
14800
14900
15000
15100
15200
15300
15310
15400
15500
15600
15700
15900
15910
16000
16100
16200
16300
16400
16500
16600
16700
16800
16801
16900
17010
17020
17030
17200
17210
17220
17225
17230
17300
17400
17500
17600
17700
17800
17900
18000
18100
18200
18300
18400
18500
18600
18700
18800
18900
19000
19100
19200
19300
19500
19600
19700
19800
19900
20011
20011
20011
20012
20012
20012
20013
20200
20300
20400
20500
20510
20600
20710
20720
20800
20900
21000
21100
21200
21300
21400
21420
21500
21501
21600
21700
21800
22000
22000
22001
22100
22200
22300
22400
22500
22600
22700
22911
22921
22931
22941
22951
23001
23002
23003
23100
23200
23300
23400
23500
23600
23700
23800
23900
24100
24200
24300
24410
24420
24500
24600
24700
24800
24900
25000
25100
25200
25300
25400
25500
25600
25700
25800
25900
26000
26100
26200
26300
26401
26402
26403
26500
26600
26610
26700
26800
26900
27000
27100
27200
27300
27400
27500
27600
27700
27800
27900
28000
28100
28200
28300
28400
28501
28502
28503
28504
28505
28506
28600
28700
28800
28900
29000
29100
29200
29311
29312
29313
29321
29322
29323
29331
29332
29333
29341
29342
29343
29411
29412
29413
29421
29422
29423
29431
29432
29433
29441
29442
29443
29451
29452
29453
29461
29462
29463
29471
29472
29473
29481
29482
29483
29511
29512
29513
29521
29522
29523
29531
29532
29533
29541
29542
29543
29700
29800
29910
29920
29930
29940
30000
30120
30420
30500
30600
30700
30901
30902
30903
30904
30905
30906
31000
31100
31200
31300
99999
11
12
21
22
23
24
101
111
112
121
122
124
125
131
132
133
141
1411
1421
1441
1711
1722
1731
2611
2612
2711
2811
3711
4521
4522
4711
7100
7401
12001
20711
22301
5000
